GRAPH 10 OUTPUT:
 TRIAL 1
Please enter graph name
graph10.txt
Name=graph10.txt, order=6, size=10, directed=false, weighted=true
   0 => [2, 1]
   1 => [4, 0, 2, 3]
   2 => [0, 4, 3, 1]
   3 => [5, 4, 2, 1]
   4 => [1, 3, 5, 2]
   5 => [3, 4]

 Please enter start vertex: 
0
 Please enter destination vertex: 
5
Path from 0 to 5:
-----------------------
1, 3, 4, 5, 
Path Length: 4

TRIAL 2

 Please enter start vertex: 
1
 Please enter destination vertex: 
3
Path from 1 to 3:
-----------------------
3, 
Path Length: 1


GRAPH 11 OUTPUT

Name=graph11.txt, order=20, size=100, directed=false, weighted=true
   0 => [19, 4, 11, 16, 9, 13, 10, 2, 1]
   1 => [5, 17, 7, 3, 10, 2, 19, 9, 14, 16, 0, 12, 4, 11]
   2 => [14, 10, 13, 18, 1, 8, 5, 0, 9, 6, 16, 19, 7, 11]
   3 => [1, 5, 6, 9, 15, 11, 4, 17]
   4 => [19, 5, 0, 10, 16, 9, 6, 3, 17, 1]
   5 => [1, 11, 3, 4, 16, 18, 2, 12, 9, 15]
   6 => [19, 7, 9, 17, 3, 13, 4, 15, 2]
   7 => [1, 16, 8, 6, 12, 11, 15, 18, 2, 19]
   8 => [7, 13, 18, 2, 10, 15, 16]
   9 => [6, 0, 4, 11, 3, 14, 1, 2, 5, 13, 16]
   10 => [11, 17, 2, 1, 4, 8, 0, 16, 18, 12]
   11 => [10, 5, 13, 0, 7, 9, 18, 3, 16, 1, 2]
   12 => [18, 7, 13, 5, 17, 1, 16, 10]
   13 => [16, 2, 8, 11, 12, 0, 6, 17, 9, 15, 18]
   14 => [19, 2, 17, 9, 15, 1]
   15 => [16, 8, 7, 3, 14, 6, 5, 13]
   16 => [7, 13, 15, 17, 5, 4, 0, 10, 1, 11, 19, 9, 8, 12, 2]
   17 => [1, 10, 16, 6, 14, 13, 12, 4, 19, 3]
   18 => [12, 19, 2, 8, 5, 11, 7, 10, 13]
   19 => [4, 0, 14, 6, 18, 1, 16, 17, 2, 7]

 Please enter start vertex: 
2
 Please enter destination vertex: 
9
Path from 2 to 9:
-----------------------
16, 9, 
Path Length: 2

GRAPH 12 OUTPUT

Please enter graph name
graph12.txt
Name=graph12.txt, order=50, size=500, directed=false, weighted=true
   0 => [42, 47, 7, 20, 41, 30, 2, 40, 39, 3, 8, 1, 23, 4, 31, 43, 17, 37, 36, 32, 34]
   1 => [3, 17, 36, 30, 41, 11, 23, 24, 0, 16, 5, 48, 44, 31, 32, 7, 45, 29]
   2 => [7, 6, 42, 35, 9, 0, 44, 30, 40, 11, 27, 47, 8, 5, 34, 49, 13, 45, 10, 3, 14]
   3 => [1, 32, 23, 29, 31, 17, 22, 42, 8, 11, 35, 49, 0, 27, 25, 9, 45, 33, 39, 46, 18, 40, 30, 47, 2, 10, 48, 13, 5]
   4 => [6, 41, 22, 7, 25, 24, 9, 34, 12, 13, 32, 40, 30, 10, 0, 31, 48, 44, 46]
   5 => [34, 15, 35, 14, 19, 36, 45, 24, 7, 1, 2, 21, 49, 18, 28, 6, 26, 25, 3, 38]
   6 => [46, 37, 26, 4, 2, 9, 35, 21, 11, 33, 27, 7, 38, 30, 22, 28, 17, 48, 15, 47, 49, 5, 32, 19, 16]
   7 => [2, 0, 17, 18, 24, 49, 35, 6, 43, 4, 14, 28, 16, 41, 23, 37, 11, 10, 5, 34, 25, 9, 1, 36, 22]
   8 => [20, 32, 34, 42, 12, 9, 28, 36, 21, 11, 3, 0, 2, 19, 31, 48, 14, 30, 23, 15, 41, 29]
   9 => [6, 8, 17, 13, 19, 22, 2, 25, 4, 37, 3, 12, 26, 7, 48, 39, 40]
   10 => [46, 33, 47, 18, 21, 7, 4, 34, 23, 16, 38, 2, 3]
   11 => [48, 19, 15, 6, 8, 16, 3, 26, 2, 21, 1, 45, 31, 7, 33, 34, 18, 14, 40]
   12 => [48, 36, 8, 33, 34, 4, 29, 9, 35, 46, 24, 14, 15, 16, 20]
   13 => [9, 45, 38, 37, 4, 28, 2, 20, 29, 15, 43, 46, 18, 19, 3, 23]
   14 => [20, 30, 47, 5, 18, 7, 31, 42, 40, 24, 28, 46, 35, 23, 41, 8, 12, 48, 45, 25, 11, 15, 2]
   15 => [48, 35, 11, 49, 32, 5, 41, 27, 23, 38, 39, 16, 34, 46, 47, 13, 12, 6, 8, 17, 14, 19]
   16 => [25, 21, 11, 40, 33, 7, 41, 29, 17, 43, 1, 20, 15, 23, 37, 12, 10, 18, 45, 6]
   17 => [48, 1, 20, 35, 9, 7, 3, 26, 29, 31, 21, 16, 44, 37, 46, 6, 0, 15, 19]
   18 => [28, 27, 7, 47, 14, 44, 10, 38, 24, 3, 19, 11, 5, 35, 13, 42, 16, 40, 21]
   19 => [20, 11, 42, 9, 47, 5, 23, 39, 8, 45, 18, 27, 32, 31, 48, 6, 13, 17, 40, 15]
   20 => [8, 19, 14, 48, 22, 17, 0, 32, 43, 24, 45, 41, 28, 37, 16, 36, 13, 29, 35, 44, 26, 39, 40, 12, 46, 23]
   21 => [46, 6, 8, 49, 16, 11, 17, 43, 10, 5, 36, 45, 37, 18, 25]
   22 => [37, 20, 4, 33, 9, 3, 41, 42, 24, 44, 40, 32, 6, 36, 34, 45, 7, 38, 27]
   23 => [3, 32, 27, 30, 19, 7, 1, 15, 0, 14, 49, 39, 45, 16, 10, 44, 8, 34, 24, 20, 13]
   24 => [41, 49, 42, 7, 20, 22, 4, 43, 14, 30, 5, 29, 1, 28, 25, 26, 18, 35, 12, 27, 23]
   25 => [39, 16, 45, 32, 29, 4, 31, 40, 9, 33, 27, 3, 47, 35, 36, 24, 43, 7, 28, 14, 5, 21]
   26 => [6, 41, 36, 42, 17, 11, 40, 30, 24, 48, 49, 9, 37, 20, 34, 5, 31]
   27 => [23, 18, 40, 32, 6, 15, 2, 3, 25, 30, 24, 46, 19, 28, 39, 45, 31, 22]
   28 => [18, 8, 7, 48, 14, 20, 24, 41, 13, 6, 27, 5, 25, 49]
   29 => [31, 3, 47, 43, 36, 48, 17, 25, 16, 44, 24, 12, 13, 20, 1, 45, 8]
   30 => [33, 14, 44, 1, 0, 23, 41, 6, 47, 2, 32, 24, 40, 4, 26, 27, 3, 8, 34, 42]
   31 => [29, 40, 3, 34, 17, 25, 14, 45, 11, 47, 8, 38, 4, 0, 1, 19, 43, 32, 27, 26]
   32 => [3, 41, 8, 46, 23, 48, 15, 27, 20, 25, 38, 30, 22, 4, 39, 43, 19, 1, 6, 42, 49, 45, 34, 0, 33, 31]
   33 => [30, 48, 12, 6, 22, 16, 47, 42, 25, 10, 46, 3, 11, 49, 38, 32, 41]
   34 => [5, 8, 48, 31, 12, 37, 45, 4, 11, 2, 7, 15, 22, 10, 35, 30, 26, 32, 36, 38, 23, 0]
   35 => [37, 46, 6, 15, 17, 2, 5, 7, 44, 36, 3, 43, 25, 14, 24, 12, 20, 49, 34, 18, 41]
   36 => [29, 12, 1, 8, 26, 35, 42, 44, 37, 5, 25, 22, 20, 21, 46, 7, 39, 0, 34, 47]
   37 => [6, 35, 22, 34, 9, 36, 39, 13, 7, 20, 49, 17, 26, 44, 16, 38, 21, 0]
   38 => [46, 41, 32, 6, 40, 13, 18, 15, 31, 37, 10, 45, 33, 34, 22, 5]
   39 => [25, 0, 37, 3, 19, 32, 40, 15, 49, 23, 47, 43, 20, 27, 45, 9, 36]
   40 => [49, 44, 31, 46, 27, 16, 38, 2, 25, 0, 14, 26, 22, 30, 4, 47, 39, 41, 3, 43, 45, 20, 42, 18, 9, 11, 19]
   41 => [24, 32, 4, 26, 38, 0, 15, 22, 30, 16, 1, 7, 20, 28, 40, 14, 45, 35, 8, 33, 44]
   42 => [0, 24, 8, 19, 2, 26, 48, 3, 44, 36, 22, 14, 33, 43, 45, 30, 40, 18, 32, 47]
   43 => [29, 47, 7, 20, 24, 35, 42, 21, 16, 25, 40, 39, 44, 32, 0, 31, 13]
   44 => [40, 30, 35, 42, 46, 2, 18, 36, 22, 29, 17, 1, 20, 43, 37, 48, 4, 23, 41]
   45 => [25, 13, 34, 20, 31, 5, 11, 3, 46, 42, 19, 23, 21, 49, 40, 2, 22, 41, 14, 39, 27, 1, 16, 32, 38, 29, 48]
   46 => [6, 38, 32, 35, 21, 40, 10, 44, 33, 14, 3, 45, 12, 15, 17, 36, 27, 13, 4, 20]
   47 => [0, 29, 43, 18, 14, 30, 19, 33, 10, 25, 2, 31, 40, 39, 15, 3, 6, 42, 36]
   48 => [11, 17, 12, 15, 20, 33, 34, 32, 29, 42, 28, 1, 26, 8, 4, 44, 6, 19, 14, 9, 3, 45]
   49 => [24, 40, 15, 7, 21, 3, 39, 2, 37, 23, 26, 45, 35, 5, 6, 33, 32, 28]

 Please enter start vertex: 
2
 Please enter destination vertex: 
46
Path from 2 to 46:
-----------------------
14, 15, 19, 13, 23, 20, 46, 
Path Length: 7

GRAPH 13 OUTPUT

Please enter graph name
graph13.txt
Name=graph13.txt, order=50, size=600, directed=false, weighted=true
   0 => [48, 47, 46, 44, 42, 41, 35, 34, 33, 31, 30, 29, 28, 25, 24, 23, 21, 20, 16, 15, 13, 12, 8, 5, 4, 3, 2, 1]
   1 => [48, 45, 42, 39, 36, 35, 34, 31, 28, 24, 21, 20, 19, 18, 10, 6, 4, 3, 2, 0]
   2 => [48, 47, 46, 45, 44, 42, 41, 40, 39, 38, 37, 34, 32, 31, 30, 29, 28, 27, 26, 25, 23, 20, 16, 15, 13, 10, 9, 8, 7, 3, 1, 0]
   3 => [48, 47, 46, 43, 40, 39, 37, 35, 33, 29, 27, 25, 18, 17, 15, 14, 12, 8, 5, 2, 1, 0]
   4 => [48, 47, 43, 41, 37, 36, 35, 34, 31, 28, 27, 24, 21, 20, 18, 17, 16, 14, 12, 10, 9, 8, 6, 1, 0]
   5 => [42, 40, 38, 35, 33, 31, 29, 28, 20, 15, 12, 11, 7, 6, 3, 0]
   6 => [49, 48, 45, 41, 38, 37, 35, 25, 24, 23, 22, 21, 19, 18, 16, 14, 13, 12, 10, 7, 5, 4, 1]
   7 => [48, 47, 46, 45, 42, 41, 40, 38, 31, 30, 29, 28, 27, 25, 23, 22, 21, 19, 18, 13, 12, 11, 10, 6, 5, 2]
   8 => [49, 47, 46, 44, 42, 38, 37, 36, 35, 32, 31, 30, 25, 23, 21, 19, 18, 17, 15, 14, 11, 10, 9, 4, 3, 2, 0]
   9 => [45, 44, 43, 41, 40, 39, 38, 37, 31, 26, 25, 24, 22, 21, 20, 15, 11, 8, 4, 2]
   10 => [49, 48, 41, 40, 39, 33, 28, 24, 22, 21, 19, 18, 17, 16, 14, 13, 11, 8, 7, 6, 4, 2, 1]
   11 => [49, 48, 45, 44, 43, 42, 41, 36, 34, 29, 28, 27, 24, 22, 20, 10, 9, 8, 7, 5]
   12 => [49, 48, 46, 42, 40, 38, 34, 33, 32, 27, 26, 25, 20, 17, 13, 7, 6, 5, 4, 3, 0]
   13 => [48, 47, 46, 44, 42, 40, 39, 35, 33, 24, 23, 22, 21, 20, 17, 15, 14, 12, 10, 7, 6, 2, 0]
   14 => [49, 48, 47, 46, 45, 44, 40, 39, 38, 36, 35, 33, 32, 28, 25, 22, 21, 18, 17, 16, 13, 10, 8, 6, 4, 3]
   15 => [49, 48, 46, 45, 44, 43, 42, 40, 39, 38, 36, 35, 33, 28, 26, 25, 22, 21, 20, 17, 13, 9, 8, 5, 3, 2, 0]
   16 => [49, 48, 47, 46, 45, 43, 42, 39, 38, 33, 31, 30, 29, 24, 22, 21, 20, 14, 10, 6, 4, 2, 0]
   17 => [48, 47, 45, 43, 42, 40, 39, 38, 36, 35, 30, 26, 18, 15, 14, 13, 12, 10, 8, 4, 3]
   18 => [48, 41, 40, 39, 36, 35, 31, 30, 29, 28, 27, 26, 23, 21, 19, 17, 14, 10, 8, 7, 6, 4, 3, 1]
   19 => [49, 48, 45, 43, 41, 39, 38, 37, 35, 34, 31, 29, 28, 26, 25, 24, 23, 22, 21, 20, 18, 10, 8, 7, 6, 1]
   20 => [49, 46, 45, 44, 43, 42, 37, 36, 32, 31, 29, 26, 21, 19, 16, 15, 13, 12, 11, 9, 5, 4, 2, 1, 0]
   21 => [47, 45, 42, 40, 39, 36, 34, 32, 31, 30, 28, 27, 22, 20, 19, 18, 16, 15, 14, 13, 10, 9, 8, 7, 6, 4, 1, 0]
   22 => [47, 45, 44, 40, 39, 35, 33, 31, 30, 25, 21, 19, 16, 15, 14, 13, 11, 10, 9, 7, 6]
   23 => [49, 48, 47, 46, 45, 43, 42, 41, 40, 39, 36, 34, 33, 32, 31, 28, 27, 25, 24, 19, 18, 13, 8, 7, 6, 2, 0]
   24 => [48, 46, 39, 38, 36, 35, 34, 33, 32, 31, 29, 28, 25, 23, 19, 16, 13, 11, 10, 9, 6, 4, 1, 0]
   25 => [48, 46, 43, 40, 34, 33, 31, 28, 27, 24, 23, 22, 19, 15, 14, 12, 9, 8, 7, 6, 3, 2, 0]
   26 => [49, 47, 46, 45, 44, 43, 39, 38, 30, 28, 20, 19, 18, 17, 15, 12, 9, 2]
   27 => [49, 48, 44, 41, 40, 38, 37, 35, 31, 30, 25, 23, 21, 18, 12, 11, 7, 4, 3, 2]
   28 => [49, 48, 45, 44, 43, 41, 40, 39, 33, 32, 31, 26, 25, 24, 23, 21, 19, 18, 15, 14, 11, 10, 7, 5, 4, 2, 1, 0]
   29 => [49, 48, 47, 46, 45, 44, 38, 34, 31, 30, 24, 20, 19, 18, 16, 11, 7, 5, 3, 2, 0]
   30 => [47, 45, 43, 40, 37, 36, 33, 32, 31, 29, 27, 26, 22, 21, 18, 17, 16, 8, 7, 2, 0]
   31 => [49, 44, 43, 42, 41, 40, 39, 38, 37, 36, 35, 30, 29, 28, 27, 25, 24, 23, 22, 21, 20, 19, 18, 16, 9, 8, 7, 5, 4, 2, 1, 0]
   32 => [49, 46, 43, 41, 40, 37, 36, 35, 30, 28, 24, 23, 21, 20, 14, 12, 8, 2]
   33 => [48, 47, 46, 45, 43, 38, 37, 36, 35, 30, 28, 25, 24, 23, 22, 16, 15, 14, 13, 12, 10, 5, 3, 0]
   34 => [49, 48, 47, 45, 43, 42, 41, 39, 36, 35, 29, 25, 24, 23, 21, 19, 12, 11, 4, 2, 1, 0]
   35 => [49, 48, 42, 39, 38, 36, 34, 33, 32, 31, 27, 24, 22, 19, 18, 17, 15, 14, 13, 8, 6, 5, 4, 3, 1, 0]
   36 => [48, 47, 44, 43, 40, 38, 35, 34, 33, 32, 31, 30, 24, 23, 21, 20, 18, 17, 15, 14, 11, 8, 4, 1]
   37 => [49, 47, 45, 40, 39, 38, 33, 32, 31, 30, 27, 20, 19, 9, 8, 6, 4, 3, 2]
   38 => [48, 47, 46, 45, 44, 43, 41, 39, 37, 36, 35, 33, 31, 29, 27, 26, 24, 19, 17, 16, 15, 14, 12, 9, 8, 7, 6, 5, 2]
   39 => [46, 41, 38, 37, 35, 34, 31, 28, 26, 24, 23, 22, 21, 19, 18, 17, 16, 15, 14, 13, 10, 9, 3, 2, 1]
   40 => [47, 45, 43, 42, 37, 36, 32, 31, 30, 28, 27, 25, 23, 22, 21, 18, 17, 15, 14, 13, 12, 10, 9, 7, 5, 3, 2]
   41 => [47, 46, 39, 38, 34, 32, 31, 28, 27, 23, 19, 18, 11, 10, 9, 7, 6, 4, 2, 0]
   42 => [49, 48, 47, 46, 45, 43, 40, 35, 34, 31, 23, 21, 20, 17, 16, 15, 13, 12, 11, 8, 7, 5, 2, 1, 0]
   43 => [48, 47, 46, 45, 42, 40, 38, 36, 34, 33, 32, 31, 30, 28, 26, 25, 23, 20, 19, 17, 16, 15, 11, 9, 4, 3]
   44 => [49, 38, 36, 31, 29, 28, 27, 26, 22, 20, 15, 14, 13, 11, 9, 8, 2, 0]
   45 => [49, 46, 43, 42, 40, 38, 37, 34, 33, 30, 29, 28, 26, 23, 22, 21, 20, 19, 17, 16, 15, 14, 11, 9, 7, 6, 2, 1]
   46 => [49, 47, 45, 43, 42, 41, 39, 38, 33, 32, 29, 26, 25, 24, 23, 20, 16, 15, 14, 13, 12, 8, 7, 3, 2, 0]
   47 => [46, 43, 42, 41, 40, 38, 37, 36, 34, 33, 30, 29, 26, 23, 22, 21, 17, 16, 14, 13, 8, 7, 4, 3, 2, 0]
   48 => [49, 43, 42, 38, 36, 35, 34, 33, 29, 28, 27, 25, 24, 23, 19, 18, 17, 16, 15, 14, 13, 12, 11, 10, 7, 6, 4, 3, 2, 1, 0]
   49 => [48, 46, 45, 44, 42, 37, 35, 34, 32, 31, 29, 28, 27, 26, 23, 20, 19, 16, 15, 14, 12, 11, 10, 8, 6]

 Please enter start vertex: 
0
 Please enter destination vertex: 
48
Path from 0 to 48:
-----------------------
25, 24, 6, 48, 
Path Length: 4

